"id" "x" "y" "phenotype1" "envi" "phenotype2" "pop"
"1" 0 0.497164 0.992154 1.01915 0.888097 1.01915 1
"2" 1 0.631197 0.070583 -0.535818 0.804004 -0.535818 2
"3" 2 0.184811 0.320225 1.17778 0.00734727 1.17778 3
"4" 3 0.19549 0.32293 -0.36128 0.0836187 -0.36128 3
"5" 4 0.0148107 0.979297 0.261367 -0.302216 0.261367 4
"6" 5 0.00369433 0.077454 1.1384 -1.26882 1.1384 5
"7" 6 0.739777 0.718552 0.527381 0.411206 0.527381 6
"8" 7 0.0139865 0.253215 -1.33294 -1.16357 -1.33294 7
"9" 8 0.862603 0.955386 0.387329 -0.831115 0.387329 8
"10" 9 0.631104 0.327876 0.527237 0.603667 0.527237 9
"11" 10 0.772001 0.382424 -0.89943 -0.232191 -0.89943 10
"12" 11 0.00880717 0.861705 -0.149923 -0.44561 -0.149923 11
"13" 12 0.933308 0.974775 -0.448318 -1.11962 -0.448318 8
"14" 13 0.019043 0.730067 -0.899622 -0.619092 -0.899622 12
"15" 14 0.148542 0.038552 0.0561766 -0.84025 0.0561766 13
"16" 15 0.923543 0.803717 1.24474 -0.674199 1.24474 14
"17" 16 0.447238 0.00512069 0.373347 0.992704 0.373347 15
"18" 17 0.00921739 0.249856 0.380142 -1.19351 0.380142 7
"19" 18 0.143648 0.0375018 -0.222561 -0.85844 -0.222561 13
"20" 19 0.146979 0.593107 0.282676 -0.392691 0.282676 16
"21" 20 0.896036 0.994014 0.0954148 -1.05507 0.0954148 8
"22" 21 0.474535 0.244985 1.14532 1.23107 1.14532 17
"23" 22 0.371678 0.215431 -0.0546439 0.880207 -0.0546439 17
"24" 23 0.447454 0.0159295 1.53963 1.00199 1.53963 15
"25" 24 0.145447 0.621306 0.209348 -0.318287 0.209348 16
"26" 25 0.20057 0.311311 -0.482408 0.147753 -0.482408 3
"27" 26 0.0163291 0.263598 -1.04773 -1.16762 -1.04773 7
"28" 27 0.514034 0.0284592 -1.57206 1.36453 -1.57206 15
"29" 28 0.442727 0.748457 -0.589716 1.31044 -0.589716 18
"30" 29 0.817051 0.514437 -0.647179 -0.905833 -0.647179 19
"31" 30 0.0124871 0.850457 0.0947819 -0.448149 0.0947819 11
"32" 31 0.0102854 0.858352 -0.388456 -0.445455 -0.388456 11
"33" 32 0.583385 0.656031 -0.00225081 0.759954 -0.00225081 20
"34" 33 0.663726 0.522209 -0.448408 -0.325763 -0.448408 21
"35" 34 0.957351 0.542953 -1.22734 -0.997225 -1.22734 22
"36" 35 0.142316 0.0417636 -0.366952 -0.8485 -0.366952 13
"37" 36 0.0114762 0.270786 -0.659765 -1.22026 -0.659765 7
"38" 37 0.00570178 0.279101 -1.08545 -1.28238 -1.08545 7
"39" 38 0.787812 0.268296 1.05993 0.357718 1.05993 23
"40" 39 0.750554 0.381487 0.0913105 -0.150292 0.0913105 10
"41" 40 0.754115 0.12645 0.595111 0.369249 0.595111 24
"42" 41 0.866923 0.00865214 -0.486123 -0.864676 -0.486123 25
"43" 42 0.568094 0.657233 -0.0169367 0.835672 -0.0169367 20
"44" 43 0.95433 0.212683 -0.512671 -0.823815 -0.512671 26
"45" 44 0.271033 0.695763 0.942086 0.536237 0.942086 27
"46" 45 0.0124644 0.26224 -0.78808 -1.19448 -0.78808 7
"47" 46 0.957368 0.200666 -0.799309 -0.890168 -0.799309 26
"48" 47 0.254869 0.441239 -0.189595 0.254654 -0.189595 28
"49" 48 0.593108 0.0960952 0.440284 0.994481 0.440284 2
"50" 49 0.0364729 0.565401 -1.1261 -1.2366 -1.1261 29
"51" 50 0.858412 0.00236726 -0.978725 -0.814938 -0.978725 25
"52" 51 0.66586 0.319963 0.686755 0.530945 0.686755 9
"53" 52 0.0284644 0.685219 -0.95885 -0.768323 -0.95885 12
"54" 53 0.0125202 0.858209 0.606623 -0.439367 0.606623 11
"55" 54 0.358318 0.00759538 -0.0222733 0.226063 -0.0222733 30
"56" 55 0.0252982 0.97659 0.155186 -0.297868 0.155186 4
"57" 56 0.288941 0.179724 0.0493806 0.431149 0.0493806 31
"58" 57 0.950767 0.218967 -1.02775 -0.775348 -1.02775 26
"59" 58 0.757112 0.892745 0.488673 -0.168602 0.488673 32
"60" 59 0.738913 0.375784 0.143519 -0.0664147 0.143519 10
"61" 60 0.0108106 0.853889 -0.075221 -0.449122 -0.075221 11
"62" 61 0.00829619 0.976197 -0.515257 -0.310125 -0.515257 4
"63" 62 0.503337 0.99501 0.07594 0.87253 0.07594 1
"64" 63 0.0284027 0.980721 0.122118 -0.292254 0.122118 4
"65" 64 0.844392 0.658985 -0.0703819 -0.385344 -0.0703819 33
"66" 65 0.266133 0.673796 0.313927 0.477328 0.313927 27
"67" 66 0.900749 0.989429 -1.09779 -1.05622 -1.09779 8
"68" 67 0.816743 0.513715 -1.12629 -0.908744 -1.12629 19
"69" 68 0.260998 0.655928 -0.00225081 0.427551 -0.00225081 27
"70" 69 0.385236 0.193081 0.460275 0.876136 0.460275 17
"71" 70 0.966241 0.415984 -1.03937 -0.956099 -1.03937 34
"72" 71 0.166068 0.311712 0.980001 -0.11844 0.980001 3
"73" 72 0.824172 0.0317051 0.970946 -0.444871 0.970946 25
"74" 73 0.0113107 0.262754 -1.07491 -1.20446 -1.07491 7
"75" 74 0.605511 0.0847412 1.13821 0.932995 1.13821 2
"76" 75 0.0104035 0.75409 0.0967388 -0.56587 0.0967388 12
"77" 76 0.0245067 0.965195 1.07954 -0.308755 1.07954 4
"78" 77 0.339102 0.536701 0.467769 0.345044 0.467769 35
"79" 78 0.161678 0.463218 0.701787 -0.478192 0.701787 36
"80" 79 0.876465 0.98812 1.00151 -0.979927 1.00151 8
"81" 80 0.489732 0.993572 0.834977 0.851892 0.834977 1
"82" 81 0.014881 0.0601681 -0.845785 -1.23307 -0.845785 5
"83" 82 0.969305 0.548311 -1.19408 -1.01101 -1.19408 22
"84" 83 0.968973 0.548986 -0.560583 -1.00986 -0.560583 22
"85" 84 0.756439 0.36732 -0.469912 -0.0797914 -0.469912 10
"86" 85 0.756562 0.878399 -0.835246 -0.0978168 -0.835246 32
"87" 86 0.0206191 0.0560293 -1.19213 -1.21539 -1.19213 5
"88" 87 0.629813 0.044597 0.242812 0.783277 0.242812 2
"89" 88 0.616776 0.325898 1.05993 0.661093 1.05993 9
"90" 89 0.246811 0.404238 0.181235 0.302063 0.181235 28
"91" 90 0.153977 0.471732 -0.121422 -0.555523 -0.121422 36
"92" 91 0.769946 0.379843 0.468594 -0.209163 0.468594 10
"93" 92 0.432242 0.320288 -0.129741 0.915255 -0.129741 17
"94" 93 0.180565 0.862823 -0.0307513 0.0222992 -0.0307513 37
"95" 94 0.664979 0.31851 1.05203 0.541749 1.05203 9
"96" 95 0.449222 0.0166783 0.648067 1.01738 0.648067 15
"97" 96 0.128813 0.453042 -0.24255 -0.708242 -0.24255 36
"98" 97 0.163728 0.30197 -0.541918 -0.115467 -0.541918 3
"99" 98 0.0297843 0.0611715 -1.22519 -1.1803 -1.22519 5
"100" 99 0.771679 0.716435 -0.131065 0.235563 -0.131065 6
"101" 100 0.722127 0.12906 -0.0239553 0.51481 -0.0239553 24
"102" 101 0.707644 0.842291 0.248476 0.308897 0.248476 32
"103" 102 0.567561 0.663564 0.761063 0.867889 0.761063 20
"104" 103 0.674312 0.30164 0.0947819 0.606214 0.0947819 9
"105" 104 0.829176 0.650062 0.281548 -0.357719 0.281548 33
"106" 105 0.348114 0.530528 1.05128 0.344439 1.05128 35
"107" 106 0.277653 0.163215 0.32048 0.300653 0.32048 31
"108" 107 0.63156 0.331569 0.627003 0.583578 0.627003 9
"109" 108 0.295828 0.0152691 -0.269727 -0.27938 -0.269727 30
"110" 109 0.184641 0.865956 0.161744 0.0272899 0.161744 37
"111" 110 0.0310604 0.977414 1.00151 -0.293221 1.00151 4
"112" 111 0.67238 0.543815 0.281548 -0.256213 0.281548 21
"113" 112 0.487583 0.0113462 0.34879 1.34182 0.34879 15
"114" 113 0.917047 0.809866 -0.754922 -0.653386 -0.754922 14
"115" 114 0.0599524 0.563265 1.20517 -1.08336 1.20517 29
"116" 115 0.853952 0.00587581 -0.461593 -0.767105 -0.461593 25
"117" 116 0.164207 0.468566 0.643409 -0.470321 0.643409 36
"118" 117 0.775103 0.714794 0.693966 0.207701 0.693966 6
"119" 118 0.21321 0.305767 0.773702 0.25693 0.773702 3
"120" 119 0.4871 0.990081 0.635673 0.849712 0.635673 1
"121" 120 0.748658 0.118281 -0.242743 0.384483 -0.242743 24
"122" 121 0.0352255 0.5704 -0.461593 -1.22375 -0.461593 29
"123" 122 0.152986 0.0381022 0.369604 -0.82845 0.369604 13
"124" 123 0.751872 0.376615 -1.06678 -0.122974 -1.06678 10
"125" 124 0.769513 0.717999 0.487451 0.256213 0.487451 6
"126" 125 0.957132 0.198815 -1.24268 -0.895384 -1.24268 26
"127" 126 0.980406 0.549415 0.688719 -1.02886 0.688719 22
"128" 127 0.729105 0.10685 -0.104521 0.436119 -0.104521 24
"129" 128 0.952145 0.205748 -0.854793 -0.833997 -0.854793 26
"130" 129 0.627554 0.0407415 0.940129 0.790567 0.940129 2
"131" 130 0.328596 0.0152018 0.812639 -0.00280528 0.812639 30
"132" 131 0.909443 0.819279 -0.753157 -0.63624 -0.753157 14
"133" 132 0.276061 0.655263 0.960944 0.471205 0.960944 27
"134" 133 0.961167 0.394509 -1.06659 -0.915306 -1.06659 34
"135" 134 0.867044 0.970403 -0.0495672 -0.894746 -0.0495672 8
"136" 135 0.246382 0.692931 0.715173 0.440592 0.715173 27
"137" 136 0.177393 0.895396 -0.668276 -0.0453291 -0.668276 37
"138" 137 0.788164 0.250256 0.10326 0.45737 0.10326 23
"139" 138 0.243872 0.692975 1.10785 0.427141 1.10785 27
"140" 139 0.590126 0.643551 1.11935 0.668436 1.11935 20
"141" 140 0.053793 0.58682 -1.04578 -1.03005 -1.04578 29
"142" 141 0.817174 0.528081 -1.0854 -0.845931 -1.0854 19
"143" 142 0.481034 0.573157 1.00037 0.749447 1.00037 38
"144" 143 0.91547 0.832722 -0.554993 -0.702669 -0.554993 14
"145" 144 0.716931 0.854912 0.468401 0.207082 0.468401 32
"146" 145 0.488277 0.993548 0.446671 0.845607 0.446671 1
"147" 146 0.761134 0.887918 -0.102757 -0.163325 -0.102757 32
"148" 147 0.814424 0.519087 -0.143062 -0.88276 -0.143062 19
"149" 148 0.930477 0.837513 0.529145 -0.791496 0.529145 14
"150" 149 0.748796 0.376636 -0.36128 -0.111414 -0.36128 10
"151" 150 0.148375 0.0411998 -0.494442 -0.83175 -0.494442 13
"152" 151 0.00961827 0.96194 0.733838 -0.325909 0.733838 4
"153" 152 0.0168833 0.85085 0.149928 -0.43483 0.149928 11
"154" 153 0.0074784 0.862406 -0.658633 -0.448397 -0.658633 11
"155" 154 0.260825 0.431107 0.429554 0.28723 0.429554 28
"156" 155 0.171328 0.0346035 -1.02579 -0.787101 -1.02579 13
"157" 156 0.00858114 0.73218 -0.443369 -0.661226 -0.443369 12
"158" 157 0.23703 0.961177 -0.222561 -0.106805 -0.222561 37
"159" 158 0.329851 0.52972 0.7736 0.310463 0.7736 35
"160" 159 0.200365 0.319896 0.7736 0.127642 0.7736 3
"161" 160 0.485582 0.56118 0.891638 0.71023 0.891638 38
"162" 161 0.50129 0.0170267 -1.2966 1.43746 -1.2966 15
"163" 162 0.360652 0.869652 1.16418 0.647621 1.16418 39
"164" 163 0.576911 0.657152 0.508081 0.794965 0.508081 20
"165" 164 0.855812 0.989732 1.1201 -0.923532 1.1201 8
"166" 165 0.740667 0.870624 0.901193 0.016468 0.901193 32
"167" 166 0.613472 0.331422 -0.230247 0.64562 -0.230247 9
"168" 167 0.0110478 0.968043 -0.223251 -0.317547 -0.223251 4
"169" 168 0.764477 0.889511 -0.249105 -0.185456 -0.249105 32
"170" 169 0.766769 0.726045 -1.08628 0.316357 -1.08628 6
"171" 170 0.252607 0.657911 0.86063 0.406038 0.86063 27
"172" 171 0.462304 0.534377 0.686755 0.558833 0.686755 38
"173" 172 0.505674 0.995304 1.20703 0.857458 1.20703 1
"174" 173 0.000293224 0.068586 -0.640161 -1.28301 -0.640161 5
"175" 174 0.0047516 0.272195 -0.542743 -1.27501 -0.542743 7
"176" 175 0.342235 0.542168 -0.102564 0.365362 -0.102564 35
"177" 176 0.196103 0.315486 1.02747 0.10439 1.02747 3
"178" 177 0.742843 0.364295 -1.2847 -0.00716716 -1.2847 10
"179" 178 0.142918 0.608522 0.32357 -0.372721 0.32357 16
"180" 179 0.256901 0.4372 0.449736 0.266989 0.449736 28
"181" 180 0.205979 0.308339 0.417525 0.195767 0.417525 3
"182" 181 0.265286 0.663251 0.73403 0.454414 0.73403 27
"183" 182 0.986015 0.559294 -0.110986 -1.03353 -0.110986 22
"184" 183 0.177651 0.451277 -0.880572 -0.330044 -0.880572 36
"185" 184 0.252297 0.413656 0.566758 0.310316 0.566758 28
"186" 185 0.74223 0.383319 -0.627624 -0.128697 -0.627624 10
"187" 186 0.17616 0.0405055 -0.678623 -0.749278 -0.678623 13
"188" 187 0.0273278 0.985617 -0.386941 -0.288723 -0.386941 4
"189" 188 0.165409 0.0304387 -0.468588 -0.820133 -0.468588 13
"190" 189 0.251071 0.686146 -0.056609 0.451632 -0.056609 27
"191" 190 0.664855 0.546104 -0.0224325 -0.203657 -0.0224325 21
"192" 191 0.769341 0.715243 0.134454 0.242002 0.134454 6
"193" 192 0.0146347 0.864956 -0.422746 -0.426143 -0.422746 11
"194" 193 0.389953 0.181327 0.73403 0.869817 0.73403 17
"195" 194 0.876423 0.973568 0.428832 -0.93492 0.428832 8
"196" 195 0.0179446 0.759362 0.647082 -0.525404 0.647082 12
"197" 196 0.152359 0.476381 -0.461402 -0.577923 -0.461402 36
"198" 197 0.962084 0.19713 -0.208018 -0.937186 -0.208018 26
"199" 198 0.138596 0.0393767 -0.726614 -0.86756 -0.726614 13
"200" 199 0.0158359 0.728351 -0.154966 -0.642739 -0.154966 12
"201" 200 0.785734 0.267718 0.988867 0.374367 0.988867 23
"202" 201 0.976207 0.548591 -0.825163 -1.02233 -0.825163 22
"203" 202 0.247864 0.425354 -0.121422 0.264395 -0.121422 28
"204" 203 0.143594 0.0377093 -0.786123 -0.857918 -0.786123 13
"205" 204 0.463909 0.250054 0.823651 1.20392 0.823651 17
"206" 205 0.0146273 0.264189 -1.2318 -1.18198 -1.2318 7
"207" 206 0.75651 0.719528 0.519695 0.337877 0.519695 6
"208" 207 0.685301 0.292891 1.07879 0.623647 1.07879 9
"209" 208 0.633375 0.0558567 -1.12497 0.777891 -1.12497 2
"210" 209 0.0149381 0.0613998 -0.580266 -1.23233 -0.580266 5
"211" 210 0.463077 0.529241 0.381666 0.54031 0.381666 38
"212" 211 0.494364 0.246736 0.999357 1.28307 0.999357 17
"213" 212 0.979214 0.407384 -0.375766 -0.98391 -0.375766 34
"214" 213 0.340868 0.54463 -0.340601 0.369381 -0.340601 35
"215" 214 0.976555 0.547767 -0.507627 -1.0235 -0.507627 22
"216" 215 0.888213 0.994815 -0.121422 -1.03464 -0.121422 8
"217" 216 0.475782 0.00942897 0.131093 1.24101 0.131093 15
"218" 217 0.860748 0.00194679 -0.489403 -0.83552 -0.489403 25
"219" 218 0.0086489 0.27188 0.361285 -1.24435 0.361285 7
"220" 219 0.926425 0.831279 -0.588585 -0.75594 -0.588585 14
"221" 220 0.0355514 0.978653 0.151251 -0.289293 0.151251 4
"222" 221 0.335093 0.535055 0.389208 0.3335 0.389208 35
"223" 222 0.362729 0.867407 0.999549 0.662717 0.999549 39
"224" 223 0.00402524 0.865155 -0.307593 -0.454308 -0.307593 11
"225" 224 0.816454 0.654205 -0.587952 -0.288217 -0.587952 33
"226" 225 0.50649 0.987376 1.22531 0.87388 1.22531 1
"227" 226 0.176783 0.0368382 -0.487446 -0.762156 -0.487446 13
"228" 227 0.394347 0.196484 -0.496399 0.919212 -0.496399 17
"229" 228 0.766431 0.36851 -0.00225081 -0.126265 -0.00225081 10
"230" 229 0.632402 0.33897 0.182367 0.543436 0.182367 9
"231" 230 0.000356511 0.271256 0.134454 -1.30685 0.134454 7
"232" 231 0.716046 0.850473 1.03922 0.231633 1.03922 32
"233" 232 0.628964 0.335436 -0.202324 0.573075 -0.202324 9
"234" 233 0.342666 0.535209 -0.2282 0.347485 -0.2282 35
"235" 234 0.714848 0.835461 0.941317 0.305697 0.941317 32
"236" 235 0.982024 0.550449 -0.82497 -1.031 -0.82497 22
"237" 236 0.0202428 0.969196 -0.761401 -0.308642 -0.761401 4
"238" 237 0.14533 0.0424617 -1.16382 -0.83689 -1.16382 13
"239" 238 0.676089 0.312477 -0.467265 0.539951 -0.467265 9
"240" 239 0.00922829 0.0667268 -0.441412 -1.25074 -0.441412 5
"241" 240 0.636195 0.331164 -0.220989 0.56992 -0.220989 9
"242" 241 0.0253102 0.983121 0.676567 -0.292027 0.676567 4
"243" 242 0.207905 0.316253 0.00936483 0.193488 0.00936483 3
"244" 243 0.857404 0.00373089 -1.29018 -0.802297 -1.29018 25
"245" 244 0.969716 0.550385 -0.840113 -1.0099 -0.840113 22
"246" 245 0.660966 0.0769239 -0.918288 0.675636 -0.918288 2
"247" 246 0.823334 0.660865 -0.99748 -0.288228 -0.99748 33
"248" 247 0.92333 0.829283 -0.686941 -0.735019 -0.686941 14
"249" 248 0.0243994 0.985214 -0.460269 -0.29065 -0.460269 4
"250" 249 0.484649 1.21369e-05 0.526803 1.31959 0.526803 15
"251" 250 0.490061 0.966306 0.880235 0.925896 0.880235 1
"252" 251 0.0194563 0.850726 -1.06483 -0.427417 -1.06483 11
"253" 252 0.565325 0.666621 1.10804 0.892352 1.10804 20
"254" 253 0.014236 0.862371 -1.03917 -0.430028 -1.03917 11
"255" 254 0.293648 0.173168 0.134645 0.42156 0.134645 31
"256" 255 0.331306 0.528517 0.34879 0.309897 0.34879 35
"257" 256 0.00933997 0.857707 -0.707123 -0.448858 -0.707123 11
"258" 257 0.599961 0.102233 -0.408638 0.969112 -0.408638 2
"259" 258 0.983713 0.557892 -0.221928 -1.02986 -0.221928 22
"260" 259 0.165784 0.878164 -0.673632 -0.04248 -0.673632 37
"261" 260 0.759232 0.893802 0.281548 -0.182788 0.281548 32
"262" 261 0.729452 0.847563 0.322246 0.180504 0.322246 32
"263" 262 0.0182543 0.862355 -0.460462 -0.419097 -0.460462 11
"264" 263 0.740147 0.384799 0.448628 -0.129785 0.448628 10
"265" 264 0.855571 0.0211229 0.913586 -0.731993 0.913586 25
"266" 265 0.0108041 0.264095 -0.96956 -1.21121 -0.96956 7
"267" 266 0.466752 0.542572 -0.0723805 0.59883 -0.0723805 38
"268" 267 0.833303 0.636356 -0.746603 -0.429501 -0.746603 33
"269" 268 0.609118 0.327832 0.872692 0.677344 0.872692 9
"270" 269 0.958043 0.544046 -1.10558 -0.997053 -1.10558 22
"271" 270 0.471526 0.00259341 1.81792 1.2039 1.81792 15
"272" 271 0.725823 0.849184 1.01979 0.190405 1.01979 32
"273" 272 0.707397 0.85158 0.0354646 0.268437 0.0354646 32
"274" 273 0.465283 0.54108 0.568907 0.590274 0.568907 38
"275" 274 0.764157 0.376241 -0.898298 -0.16581 -0.898298 10
"276" 275 0.147224 0.0397034 -0.249105 -0.84033 -0.249105 13
"277" 276 0.862582 0.962072 -0.191118 -0.852962 -0.191118 8
"278" 277 0.153496 0.590232 0.791825 -0.358251 0.791825 16
"279" 278 0.663969 0.555635 0.0967388 -0.147804 0.0967388 21
"280" 279 0.257891 0.653966 0.369604 0.414648 0.369604 27
"281" 280 0.588522 0.641733 0.282484 0.667114 0.282484 20
"282" 281 0.811853 0.522605 -0.424512 -0.864295 -0.424512 19
"283" 282 0.0333936 0.587399 -0.407514 -1.16299 -0.407514 29
"284" 283 0.487707 0.995682 0.76495 0.83743 0.76495 1
"285" 284 0.492172 0.98421 0.0166069 0.887424 0.0166069 1
"286" 285 0.153489 0.302455 -0.0169367 -0.195267 -0.0169367 3
"287" 286 0.913988 0.794419 0.733887 -0.597073 0.733887 14
"288" 287 0.481642 0.553596 -0.0241476 0.671368 -0.0241476 38
"289" 288 0.749957 0.71044 0.380538 0.320627 0.380538 6
"290" 289 0.959803 0.186452 0.467961 -0.960792 0.467961 26
"291" 290 0.878896 0.971092 0.547062 -0.935282 0.547062 8
"292" 291 0.256806 0.647661 -0.623579 0.399858 -0.623579 27
"293" 292 0.822268 0.65738 -0.560583 -0.298588 -0.560583 33
"294" 293 0.015831 0.0697593 -0.348004 -1.22535 -0.348004 5
"295" 294 0.189191 0.335936 -0.102564 0.00714326 -0.102564 3
"296" 295 0.175981 0.869598 0.565829 -0.00225826 0.565829 37
"297" 296 0.201394 0.313022 -0.0557838 0.150397 -0.0557838 3
"298" 297 0.751628 0.720016 0.814596 0.368267 0.814596 6
"299" 298 0.166823 0.879242 0.449736 -0.0416913 0.449736 37
"300" 299 0.831883 0.65084 -0.35569 -0.365459 -0.35569 33
"301" 300 0.60916 0.0948156 -0.082575 0.924624 -0.082575 2
"302" 301 0.985931 0.554733 -0.581398 -1.03562 -0.581398 22
"303" 302 0.874907 0.972019 0.260734 -0.925263 0.260734 8
"304" 303 0.0550565 0.567328 -0.589716 -1.10074 -0.589716 29
"305" 304 0.156256 0.296089 -0.223693 -0.160295 -0.223693 3
"306" 305 0.350681 0.530115 0.389594 0.347781 0.389594 35
"307" 306 0.499671 0.992655 0.210761 0.897709 0.210761 1
"308" 307 0.258766 0.652744 -0.104521 0.414979 -0.104521 27
"309" 308 0.96062 0.41108 -0.926799 -0.934755 -0.926799 34
"310" 309 0.875868 0.975063 0.548003 -0.937771 0.548003 8
"311" 310 0.347502 0.544558 0.0098526 0.381702 0.0098526 35
"312" 311 0.0483018 0.710855 1.086 -0.553516 1.086 12
"313" 312 0.8903 0.993278 -0.170737 -1.03625 -0.170737 8
"314" 313 0.162977 0.285282 -0.800832 -0.0853333 -0.800832 3
"315" 314 0.178874 0.314521 0.0633875 -0.0260146 0.0633875 3
"316" 315 0.144859 0.0411336 0.350554 -0.842759 0.350554 13
"317" 316 0.671989 0.318848 0.545672 0.517319 0.545672 9
"318" 317 0.590166 0.640047 0.854025 0.651229 0.854025 20
"319" 318 0.422601 0.0157132 0.349422 0.792168 0.349422 15
"320" 319 0.833604 0.654888 -0.905804 -0.356154 -0.905804 33
"321" 320 0.881701 0.980391 1.11935 -0.972339 1.11935 8
"322" 321 0.508397 0.981729 0.831995 0.877702 0.831995 1
"323" 322 0.00480823 0.863726 -0.567962 -0.454011 -0.567962 11
"324" 323 0.841718 0.00904406 -1.19081 -0.656784 -1.19081 25
"325" 324 0.796977 0.248268 -0.263115 0.393186 -0.263115 23
"326" 325 0.785509 0.241594 -0.387766 0.453613 -0.387766 23
"327" 326 0.365427 0.750766 0.714283 1.01103 0.714283 18
"328" 327 0.481667 0.991678 1.04108 0.821752 1.04108 1
"329" 328 0.955333 0.411019 -0.142237 -0.919842 -0.142237 34
"330" 329 0.46538 0.539404 0.381666 0.583922 0.381666 38
"331" 330 0.494541 0.980383 1.20703 0.907885 1.20703 1
"332" 331 0.367993 0.018355 0.112519 0.338549 0.112519 30
"333" 332 0.0146049 0.263376 -1.1261 -1.18042 -1.1261 7
"334" 333 0.675854 0.302514 0.625249 0.596691 0.625249 9
"335" 334 0.974051 0.547802 -0.979754 -1.01933 -0.979754 22
"336" 335 0.861477 0.000956523 -0.82497 -0.844701 -0.82497 25
"337" 336 0.00126181 0.270997 -1.09109 -1.29933 -1.09109 7
"338" 337 0.160407 0.031556 -0.309591 -0.830189 -0.309591 13
"339" 338 0.863369 0.966722 -0.628514 -0.8708 -0.628514 8
"340" 339 0.865585 0.00793374 -0.101818 -0.856027 -0.101818 25
"341" 340 0.0283319 0.974627 0.402378 -0.297412 0.402378 4
"342" 341 0.475448 0.548021 -0.00302064 0.636845 -0.00302064 38
"343" 342 0.710928 0.844007 0.469918 0.285534 0.469918 32
"344" 343 0.825227 0.657112 -0.608766 -0.312129 -0.608766 33
"345" 344 0.393397 0.704304 -0.102757 0.977241 -0.102757 18
"346" 345 0.723346 0.876368 -0.323564 0.076649 -0.323564 32
"347" 346 0.466354 0.577865 0.350746 0.736006 0.350746 38
"348" 347 0.591699 0.645346 0.0118993 0.669838 0.0118993 20
"349" 348 0.00833297 0.267912 -1.08545 -1.23834 -1.08545 7
"350" 349 0.0174432 0.739363 -1.04793 -0.585208 -1.04793 12
"351" 350 0.787583 0.233688 0.939606 0.417064 0.939606 23
"352" 351 0.735305 0.716991 -0.759049 0.420641 -0.759049 6
"353" 352 0.34312 0.544688 0.182694 0.373785 0.182694 35
"354" 353 0.585854 0.640678 -0.0967331 0.674503 -0.0967331 20
"355" 354 0.832506 0.656054 0.0173533 -0.346896 0.0173533 33
"356" 355 0.771868 0.719288 0.280224 0.250048 0.280224 6
"357" 356 0.671839 0.305552 -0.201746 0.591827 -0.201746 9
"358" 357 0.860605 0.00539376 -0.606617 -0.823303 -0.606617 25
"359" 358 0.917855 0.806251 0.369027 -0.648776 0.369027 14
"360" 359 0.963912 0.20232 -0.16878 -0.930756 -0.16878 26
"361" 360 0.670991 0.547557 0.229339 -0.228523 0.229339 21
"362" 361 0.96213 0.198461 -0.899622 -0.932515 -0.899622 26
"363" 362 0.717784 0.858953 0.115596 0.184447 0.115596 32
"364" 363 0.591396 0.649511 0.115596 0.691515 0.115596 20
"365" 364 0.501772 0.029879 -0.668084 1.427 -0.668084 15
"366" 365 0.911693 0.819939 -0.0535228 -0.650023 -0.0535228 14
"367" 366 0.968767 0.551553 -1.21294 -1.00723 -1.21294 22
"368" 367 0.173989 0.886927 0.181235 -0.0377744 0.181235 37
"369" 368 0.157428 0.300432 0.467383 -0.160622 0.467383 3
"370" 369 0.479761 0.0157289 0.973006 1.2744 0.973006 15
"371" 370 0.626535 0.0412612 0.633721 0.796189 0.633721 2
"372" 371 0.345194 0.0277266 -0.738235 0.178253 -0.738235 30
"373" 372 0.299437 0.185529 0.182559 0.501976 0.182559 31
"374" 373 0.493533 0.0112855 -0.606617 1.3927 -0.606617 15
"375" 374 0.854543 0.0117545 -0.44028 -0.753331 -0.44028 25
"376" 375 0.00933449 0.0668245 -0.746795 -1.25032 -0.746795 5
"377" 376 0.472693 0.00760479 1.24417 1.21437 1.24417 15
"378" 377 0.457954 0.534684 0.954148 0.552244 0.954148 38
"379" 378 0.708498 0.848863 0.270422 0.27531 0.270422 32
"380" 379 0.490984 0.9862 -0.131065 0.876964 -0.131065 1
"381" 380 0.751927 0.120963 -0.054656 0.37146 -0.054656 24
"382" 381 0.979338 0.414594 -0.201746 -0.99008 -0.201746 34
"383" 382 0.00439237 0.0718646 -1.12425 -1.26726 -1.12425 5
"384" 383 0.174564 0.0435331 -0.5133 -0.742098 -0.5133 13
"385" 384 0.361169 0.87346 0.878421 0.638723 0.878421 39
"386" 385 0.160391 0.291779 -1.13452 -0.119213 -1.13452 3
"387" 386 0.436551 0.731921 -0.0765984 1.2266 -0.0765984 18
"388" 387 0.756025 0.120034 0.727668 0.337923 0.727668 24
"389" 388 0.0364499 0.589914 -0.587759 -1.13197 -0.587759 29
"390" 389 0.593929 0.644545 0.585808 0.655548 0.585808 20
"391" 390 0.155141 0.297602 -0.244507 -0.172128 -0.244507 3
"392" 391 0.195284 0.321433 0.835001 0.0852594 0.835001 3
"393" 392 0.169911 0.0354703 -0.509584 -0.787882 -0.509584 13
"394" 393 0.0482797 0.568946 0.214586 -1.14059 0.214586 29
"395" 394 0.012803 0.748642 -0.32224 -0.565457 -0.32224 12
"396" 395 0.26388 0.658165 0.734687 0.440424 0.734687 27
"397" 396 0.016705 0.848878 -0.480842 -0.437416 -0.480842 11
"398" 397 0.489698 0.248316 0.933244 1.27024 0.933244 17
"399" 398 0.636954 0.333808 -0.880651 0.553866 -0.880651 9
"400" 399 0.824842 0.0342428 0.952191 -0.44265 0.952191 25
"401" 400 0.647094 0.0620566 -2.26396 0.719747 -2.26396 2
"402" 401 0.920486 0.836707 -0.540594 -0.738456 -0.540594 14
"403" 402 0.0237975 0.0649588 -1.00693 -1.19891 -1.00693 5
"404" 403 0.0148963 0.974709 0.0223912 -0.307108 0.0223912 4
"405" 404 0.826348 0.652446 -0.269727 -0.336354 -0.269727 33
"406" 405 0.862296 0.0264228 1.07954 -0.769659 1.07954 25
"407" 406 0.859188 0.00448268 -0.826927 -0.814568 -0.826927 25
"408" 407 0.773138 0.712867 0.0354646 0.208117 0.0354646 6
"409" 408 0.503708 0.992661 1.17778 0.87655 1.17778 1
"410" 409 0.853178 0.00785337 -0.442237 -0.754498 -0.442237 25
"411" 410 0.0493817 0.594966 -0.0783096 -1.02575 -0.0783096 29
"412" 411 0.0174568 0.736358 -0.461593 -0.598655 -0.461593 12
"413" 412 0.143584 0.0410013 -1.06483 -0.847103 -1.06483 13
"414" 413 0.82559 0.656813 -0.194102 -0.314904 -0.194102 33
"415" 414 0.0013135 0.27027 -1.11458 -1.29739 -1.11458 7
"416" 415 0.865386 0.0301985 0.251565 -0.782509 0.251565 25
"417" 416 0.663554 0.529538 -0.892709 -0.285525 -0.892709 21
"418" 417 0.250526 0.648498 0.271606 0.383091 0.271606 27
"419" 418 0.85705 0.987115 0.842519 -0.918426 0.842519 8
"420" 419 0.490099 0.980866 0.0967388 0.88731 0.0967388 1
"421" 420 0.377308 0.7264 0.794279 0.988358 0.794279 18
"422" 421 0.0074796 0.263962 -1.23395 -1.23652 -1.23395 7
"423" 422 0.626892 0.0368586 -0.441604 0.789975 -0.441604 2
"424" 423 0.0202736 0.0575526 -0.150556 -1.21571 -0.150556 5
"425" 424 0.158929 0.0356684 -0.679448 -0.819464 -0.679448 13
"426" 425 0.758442 0.879159 0.814596 -0.109948 0.814596 32
"427" 426 0.377845 0.873862 0.01465 0.706692 0.01465 39
"428" 427 0.748073 0.732772 -0.608766 0.461213 -0.608766 6
"429" 428 0.346822 0.0293379 -0.339775 0.196678 -0.339775 30
"430" 429 0.00171112 0.274661 -1.33098 -1.30365 -1.33098 7
"431" 430 0.00861282 0.733939 -0.443369 -0.652974 -0.443369 12
"432" 431 0.932525 0.177268 -0.780451 -0.796547 -0.780451 26
"433" 432 0.626617 0.321939 1.28531 0.64811 1.28531 9
"434" 433 0.766969 0.88966 0.250433 -0.197058 0.250433 32
"435" 434 0.295274 0.179173 -0.26777 0.45595 -0.26777 31
"436" 435 0.255482 0.445094 0.631275 0.247253 0.631275 28
"437" 436 0.381961 0.720742 1.01979 0.988116 1.01979 18
"438" 437 0.352436 0.889669 0.0934579 0.555281 0.0934579 39
"439" 438 0.339201 0.531942 -0.347763 0.332613 -0.347763 35
"440" 439 0.364585 0.887139 0.725468 0.613322 0.725468 39
"441" 440 0.734137 0.715354 -0.263123 0.41594 -0.263123 6
"442" 441 0.706082 0.852187 0.905913 0.27209 0.905913 32
"443" 442 0.788345 0.254529 -0.0351533 0.432007 -0.0351533 23
"444" 443 0.955695 0.414056 0.142887 -0.925124 0.142887 34
"445" 444 0.153507 0.283936 0.481979 -0.155309 0.481979 3
"446" 445 0.75867 0.884547 -0.104624 -0.13651 -0.104624 32
"447" 446 0.757896 0.380257 -0.363429 -0.16849 -0.363429 10
"448" 447 0.160758 0.879537 -0.0762543 -0.0568412 -0.0762543 37
"449" 448 0.790842 0.257635 0.174765 0.397761 0.174765 23
"450" 449 0.342424 0.540076 -0.741956 0.360103 -0.741956 35
"451" 450 0.629948 0.0385112 0.369604 0.776249 0.369604 2
"452" 451 0.819488 0.655009 -0.288585 -0.297231 -0.288585 33
"453" 452 0.729429 0.112566 0.696225 0.448114 0.696225 24
"454" 453 0.311182 0.209059 1.02036 0.647684 1.02036 31
"455" 454 0.754653 0.732834 1.18574 0.426124 1.18574 6
"456" 455 0.474722 0.556912 0.486819 0.670933 0.486819 38
"457" 456 0.260358 0.661465 0.841773 0.435995 0.841773 27
"458" 457 0.19729 0.32519 0.674279 0.0925767 0.674279 3
"459" 458 0.0234298 0.975565 0.447882 -0.300113 0.447882 4
"460" 459 0.581706 0.653287 0.389594 0.754475 0.389594 20
"461" 460 0.67432 0.546505 -0.29451 -0.25197 -0.29451 21
"462" 461 0.766246 0.372196 -0.256794 -0.148418 -0.256794 10
"463" 462 0.251275 0.681735 -0.606617 0.44445 -0.606617 27
"464" 463 0.0338806 0.98243 0.488775 -0.287593 0.488775 4
"465" 464 0.0124513 0.856116 -0.554986 -0.441907 -0.554986 11
"466" 465 0.00894307 0.744517 -0.230055 -0.602715 -0.230055 12
"467" 466 0.487335 0.994187 0.301534 0.839789 0.301534 1
"468" 467 0.968371 0.547798 -0.441412 -1.00991 -0.441412 22
"469" 468 0.147907 0.449905 -0.468588 -0.555125 -0.468588 36
"470" 469 0.846246 0.00826452 -1.25237 -0.696339 -1.25237 25
"471" 470 0.0196654 0.0672222 -0.761401 -1.21253 -0.761401 5
"472" 471 0.476673 0.995999 0.421426 0.788359 0.421426 1
"473" 472 0.612796 0.336343 0.960752 0.624415 0.960752 9
"474" 473 0.173992 0.0512135 -0.686941 -0.713406 -0.686941 13
"475" 474 0.610986 0.076782 -0.567873 0.902338 -0.567873 2
"476" 475 0.811278 0.514189 0.182559 -0.901845 0.182559 19
"477" 476 0.152668 0.610421 -0.686941 -0.304953 -0.686941 16
"478" 477 0.513179 0.0187251 -1.35073 1.37349 -1.35073 15
"479" 478 0.251679 0.438368 1.00018 0.255465 1.00018 28
"480" 479 0.79336 0.238507 -0.82875 0.390441 -0.82875 23
"481" 480 0.96543 0.552643 -0.734107 -1.00035 -0.734107 22
"482" 481 0.0276094 0.735011 -0.853279 -0.554979 -0.853279 12
"483" 482 0.410338 0.737386 -0.441604 1.1469 -0.441604 18
"484" 483 0.192596 0.307081 1.03922 0.0955543 1.03922 3
"485" 484 0.772013 0.720949 0.115596 0.25828 0.115596 6
"486" 485 0.0271448 0.97414 0.469918 -0.298695 0.469918 4
"487" 486 0.75485 0.371245 -0.422746 -0.09906 -0.422746 10
"488" 487 0.380548 0.0185482 -0.0837067 0.444093 -0.0837067 30
"489" 488 0.634705 0.0468449 0.587765 0.761519 0.587765 2
"490" 489 0.142437 0.0370584 -0.561408 -0.863505 -0.561408 13
"491" 490 0.150926 0.0508103 0.250241 -0.790703 0.250241 13
"492" 491 0.0380959 0.573599 -1.04578 -1.19053 -1.04578 29
"493" 492 0.754638 0.727186 0.58273 0.393192 0.58273 6
"494" 493 0.968728 0.408983 -0.44028 -0.955239 -0.44028 34
"495" 494 0.223086 0.0219432 0.223256 -0.699879 0.223256 13
"496" 495 0.0446473 0.576888 -0.957718 -1.13227 -0.957718 29
"497" 496 0.705408 0.85001 0.32357 0.28507 0.32357 32
"498" 497 0.863265 0.977089 -0.240593 -0.904345 -0.240593 8
"499" 498 0.246436 0.688062 0.57645 0.432073 0.57645 27
"500" 499 0.0145126 0.755497 -0.149923 -0.545235 -0.149923 12
"501" 500 0.00529335 0.0717973 -0.753157 -1.2639 -0.753157 5
"502" 501 0.758139 0.888337 -0.102564 -0.152133 -0.102564 32
"503" 502 0.159242 0.286023 -0.125336 -0.115674 -0.125336 3
"504" 503 0.347459 0.535515 0.809119 0.356916 0.809119 35
"505" 504 0.254052 0.693394 -0.506938 0.474535 -0.506938 27
"506" 505 0.433256 0.316267 0.194756 0.929458 0.194756 17
"507" 506 0.996541 0.550713 0.842904 -1.0559 0.842904 22
"508" 507 0.756688 0.378246 0.0759242 -0.1512 0.0759242 10
"509" 508 0.719678 0.846025 -0.204975 0.234514 -0.204975 32
"510" 509 0.759553 0.381142 -0.255377 -0.180072 -0.255377 10
"511" 510 0.415702 0.0152311 0.743337 0.733249 0.743337 15
"512" 511 0.853081 0.00953005 0.0568091 -0.748395 0.0568091 25
"513" 512 0.253871 0.436065 0.300406 0.264254 0.300406 28
"514" 513 0.757793 0.739261 0.752609 0.444569 0.752609 6
"515" 514 0.498604 0.02475 -0.443369 1.42793 -0.443369 15
"516" 515 0.496725 0.973913 1.76634 0.934503 1.76634 1
"517" 516 0.263082 0.410475 0.263626 0.337057 0.263626 28
"518" 517 0.961293 0.199675 -0.787165 -0.921965 -0.787165 26
"519" 518 0.195247 0.304355 0.0933752 0.121821 0.0933752 3
"520" 519 0.491674 0.970422 0.853834 0.921917 0.853834 1
"521" 520 0.172159 0.0427814 -0.514431 -0.752554 -0.514431 13
"522" 521 0.859492 0.00329287 -0.240593 -0.82087 -0.240593 25
"523" 522 0.727191 0.116456 -0.056609 0.466201 -0.056609 24
"524" 523 0.749306 0.375446 -0.832157 -0.105594 -0.832157 10
"525" 524 0.967716 0.549364 -1.17327 -1.00739 -1.17327 22
"526" 525 0.581733 0.644669 0.528014 0.712976 0.528014 20
"527" 526 0.763774 0.885705 -0.00665425 -0.164619 -0.00665425 32
"528" 527 0.744532 0.733255 -0.144386 0.478432 -0.144386 6
"529" 528 0.816943 0.521124 -0.952653 -0.876288 -0.952653 19
"530" 529 0.00567513 0.0721982 -0.0829603 -1.26238 -0.0829603 5
"531" 530 0.140549 0.604249 -0.16617 -0.400889 -0.16617 16
"532" 531 0.136206 0.467937 0.115596 -0.683557 0.115596 36
"533" 532 0.00391261 0.278922 -0.110883 -1.29577 -0.110883 7
"534" 533 0.954855 0.20262 -0.753157 -0.864935 -0.753157 26
"535" 534 0.0132876 0.983017 0.939798 -0.299081 0.939798 4
"536" 535 0.866489 0.0110849 -0.82497 -0.853252 -0.82497 25
"537" 536 0.817179 0.522583 -0.606478 -0.870119 -0.606478 19
"538" 537 0.376006 0.727814 0.408107 0.987823 0.408107 18
"539" 538 0.255872 0.69423 0.428032 0.482172 0.428032 27
"540" 539 0.3481 0.543074 -0.241419 0.378765 -0.241419 35
"541" 540 0.569581 0.659616 0.221299 0.840117 0.221299 20
"542" 541 0.252064 0.408175 0.0166069 0.321815 0.0166069 28
"543" 542 0.365377 0.744948 0.248918 0.998352 0.248918 18
"544" 543 0.00898471 0.264232 -1.31212 -1.22551 -1.31212 7
"545" 544 0.00787427 0.278246 -0.806113 -1.26384 -0.806113 7
"546" 545 0.262744 0.690527 0.429356 0.498291 0.429356 27
"547" 546 0.367968 0.72229 1.17877 0.94188 1.17877 18
"548" 547 0.372948 0.209816 -0.0546439 0.870163 -0.0546439 17
"549" 548 0.00319387 0.274447 0.568907 -1.29179 0.568907 7
"550" 549 0.500459 0.99535 1.19949 0.889219 1.19949 1
"551" 550 0.249635 0.703321 0.488775 0.476548 0.488775 27
"552" 551 0.262472 0.669348 0.262826 0.457334 0.262826 27
"553" 552 0.770732 0.722411 -0.083899 0.273543 -0.083899 6
"554" 553 0.747704 0.723862 0.132688 0.409805 0.132688 6
"555" 554 0.0164737 0.0644692 -1.36959 -1.22548 -1.36959 5
"556" 555 0.341522 0.537712 -0.568902 0.352124 -0.568902 35
"557" 556 0.94851 0.20128 -1.68179 -0.824543 -1.68179 26
"558" 557 0.620763 0.340787 1.1747 0.57519 1.1747 9
"559" 558 0.494942 0.976442 0.999406 0.920075 0.999406 1
"560" 559 0.00369987 0.738364 0.298415 -0.656485 0.298415 12
"561" 560 0.32954 0.536502 -0.308332 0.327246 -0.308332 35
"562" 561 0.482956 0.992319 0.862185 0.825662 0.862185 1
"563" 562 0.776751 0.378876 0.0633875 -0.227894 0.0633875 10
"564" 563 0.820843 0.648808 -0.26777 -0.329588 -0.26777 33
"565" 564 0.945444 0.217936 -0.580409 -0.741577 -0.580409 26
"566" 565 0.910648 0.81024 -0.0224325 -0.619176 -0.0224325 14
"567" 566 0.162578 0.312024 1.03243 -0.14595 1.03243 3
"568" 567 0.1534 0.47081 -0.083899 -0.557966 -0.083899 36
"569" 568 0.954745 0.205575 -0.814431 -0.853166 -0.814431 26
"570" 569 0.257214 0.435658 0.242509 0.270916 0.242509 28
"571" 570 0.932477 0.171076 -0.668084 -0.818448 -0.668084 26
"572" 571 0.667244 0.315331 0.204399 0.551965 0.204399 9
"573" 572 0.417692 0.0167462 1.038 0.75223 1.038 15
"574" 573 0.0215699 0.851085 -0.579441 -0.420876 -0.579441 11
"575" 574 0.018361 0.0582149 -0.998612 -1.22193 -0.998612 5
"576" 575 0.156025 0.301009 -0.448408 -0.172652 -0.448408 3
"577" 576 0.370127 0.885195 -0.386941 0.642036 -0.386941 39
"578" 577 0.261408 0.664368 0.560011 0.444648 0.560011 27
"579" 578 0.0421185 0.566135 -0.441412 -1.19461 -0.441412 29
"580" 579 0.751871 0.380421 -0.8473 -0.14797 -0.8473 10
"581" 580 0.69491 0.551153 -0.124103 -0.33585 -0.124103 21
"582" 581 0.278215 0.160476 0.481979 0.289762 0.481979 31
"583" 582 0.269198 0.1579 -0.248912 0.233221 -0.248912 31
"584" 583 0.0095879 0.964169 0.425843 -0.323324 0.425843 4
"585" 584 0.566084 0.661521 0.248835 0.864994 0.248835 20
"586" 585 0.761394 0.889614 0.369604 -0.172441 0.369604 32
"587" 586 0.151574 0.45359 -0.48877 -0.534936 -0.48877 36
"588" 587 0.255685 0.660872 0.892874 0.420695 0.892874 27
"589" 588 0.0432187 0.567059 -0.92774 -1.18317 -0.92774 29
"590" 589 0.474683 0.239454 0.946763 1.23147 0.946763 17
"591" 590 0.263284 0.411098 -0.806113 0.336043 -0.806113 28
"592" 591 0.819942 0.518558 -0.833199 -0.890531 -0.833199 19
"593" 592 0.673078 0.52641 -0.668084 -0.35439 -0.668084 21
"594" 593 0.737246 0.717872 0.936832 0.417729 0.936832 6
"595" 594 0.58159 0.647569 0.873824 0.727566 0.873824 20
"596" 595 0.0121663 0.747285 -0.36128 -0.574663 -0.36128 12
"597" 596 0.167086 0.887462 -0.052687 -0.0544376 -0.052687 37
"598" 597 0.470221 0.0104288 0.381666 1.19333 0.381666 15
"599" 598 0.0189853 0.864474 -0.460462 -0.414974 -0.460462 11
"600" 599 0.496798 0.977157 1.07857 0.926228 1.07857 1
"601" 600 0.921307 0.793199 0.575428 -0.635908 0.575428 14
"602" 601 0.015058 0.740086 -0.475584 -0.593497 -0.475584 12
"603" 602 0.00606277 0.864532 0.231575 -0.449627 0.231575 11
"604" 603 0.0176701 0.867841 -0.707123 -0.415044 -0.707123 11
"605" 604 0.934948 0.176539 -0.806113 -0.816821 -0.806113 26
"606" 605 0.681722 0.319267 1.03997 0.483589 1.03997 9
"607" 606 0.93162 0.184026 -0.627624 -0.765697 -0.627624 26
"608" 607 0.0173545 0.739211 -0.323757 -0.58632 -0.323757 12
"609" 608 0.970319 0.519311 -0.00357481 -1.03745 -0.00357481 22
"610" 609 0.197381 0.319485 0.123833 0.105586 0.123833 3
"611" 610 0.756357 0.715522 0.519695 0.315476 0.519695 6
"612" 611 0.0121628 0.852341 -1.14515 -0.446979 -1.14515 11
"613" 612 0.751435 0.714517 0.606045 0.336796 0.606045 6
"614" 613 0.0333892 0.977222 0.407632 -0.291785 0.407632 4
"615" 614 0.00625496 0.0577357 -1.18992 -1.26377 -1.18992 5
"616" 615 0.851676 0.0302353 1.24474 -0.671582 1.24474 25
"617" 616 0.788977 0.248041 -0.0263463 0.447704 -0.0263463 23
"618" 617 0.99274 0.545295 0.714045 -1.05115 0.714045 22
"619" 618 0.480945 0.003123 -0.468588 1.28638 -0.468588 15
"620" 619 0.37916 0.874736 -0.0327082 0.709644 -0.0327082 39
"621" 620 0.258999 0.438928 0.781829 0.266784 0.781829 28
"622" 621 0.872892 0.960289 -0.0224325 -0.882016 -0.0224325 8
"623" 622 0.852604 0.0212251 -0.388898 -0.707549 -0.388898 25
"624" 623 0.125955 0.433453 -0.122746 -0.688127 -0.122746 36
"625" 624 0.0192433 0.872237 0.134352 -0.406511 0.134352 11
"626" 625 0.862119 0.00810474 -0.152512 -0.82704 -0.152512 25
"627" 626 0.0286272 0.0657436 0.23075 -1.18096 0.23075 5
"628" 627 0.774397 0.716633 -0.050933 0.221512 -0.050933 6
"629" 628 0.00940776 0.860848 -0.129933 -0.444974 -0.129933 11
"630" 629 0.363626 0.74922 1.0596 1.00393 1.0596 18
"631" 630 0.25093 0.680224 -0.561408 0.440645 -0.561408 27
"632" 631 0.745411 0.121774 0.812639 0.406356 0.812639 24
"633" 632 0.0061793 0.267736 -1.19491 -1.25455 -1.19491 7
"634" 633 0.0161814 0.264692 -1.33294 -1.17108 -1.33294 7
"635" 634 0.219575 0.020992 0.999406 -0.713888 0.999406 13
"636" 635 0.98061 0.555837 -0.00357481 -1.02526 -0.00357481 22
"637" 636 0.746729 0.729096 0.369604 0.444859 0.369604 6
"638" 637 0.371932 0.572707 -0.320918 0.511488 -0.320918 35
"639" 638 0.465272 0.546022 0.954148 0.609515 0.954148 38
"640" 639 0.00923362 0.862577 -0.600013 -0.443415 -0.600013 11
"641" 640 0.0160187 0.726912 0.208714 -0.648327 0.208714 12
"642" 641 0.0222712 0.970272 -0.407514 -0.305949 -0.407514 4
"643" 642 0.763678 0.880398 -0.142237 -0.139421 -0.142237 32
"644" 643 0.0217074 0.7389 -0.257231 -0.566595 -0.257231 12
"645" 644 0.133279 0.451231 -0.386941 -0.670121 -0.386941 36
"646" 645 0.824116 0.0320733 0.280527 -0.443317 0.280527 25
"647" 646 0.25246 0.655702 -0.221736 0.401639 -0.221736 27
"648" 647 0.500152 0.984482 -0.0572987 0.919833 -0.0572987 1
"649" 648 0.495058 0.991992 0.973006 0.879335 0.973006 1
"650" 649 0.245529 0.693566 1.10671 0.437148 1.10671 27
"651" 650 0.290796 0.192996 0.633717 0.500558 0.633717 31
"652" 651 0.260664 0.681724 1.03864 0.474876 1.03864 27
"653" 652 0.0271942 0.979859 -0.350051 -0.293743 -0.350051 4
"654" 653 0.747876 0.386069 -0.201657 -0.169874 -0.201657 10
"655" 654 0.822571 0.643152 0.00290063 -0.360663 0.00290063 33
"656" 655 0.00463792 0.275296 -0.64957 -1.28248 -0.64957 7
"657" 656 0.200554 0.321544 0.635673 0.125543 0.635673 3
"658" 657 0.856328 0.0189533 -0.845785 -0.745049 -0.845785 25
"659" 658 0.185024 0.900132 0.00490315 -0.0382412 0.00490315 37
"660" 659 0.667939 0.524291 -0.251061 -0.337706 -0.251061 21
"661" 660 0.209998 0.316952 0.341104 0.208071 0.341104 3
"662" 661 0.819824 0.647421 -0.661088 -0.331531 -0.661088 33
"663" 662 0.145409 0.594302 -0.192865 -0.399422 -0.192865 16
"664" 663 0.361215 0.907283 -0.953783 0.540884 -0.953783 39
"665" 664 0.639828 0.0687159 -0.668276 0.761935 -0.668276 2
"666" 665 0.495 0.99266 -1.00684 0.877314 -1.00684 1
"667" 666 0.989803 0.554508 1.2057 -1.04275 1.2057 22
"668" 667 0.0179059 0.72559 -0.322875 -0.644843 -0.322875 12
"669" 668 0.0151007 0.738107 -0.102564 -0.602248 -0.102564 12
"670" 669 0.591323 0.645539 1.03922 0.67253 1.03922 20
"671" 670 0.816221 0.65147 0.243004 -0.299346 0.243004 33
"672" 671 0.953072 0.400064 -1.01747 -0.89738 -1.01747 34
"673" 672 0.151099 0.305133 -0.56254 -0.219407 -0.56254 3
"674" 673 0.784284 0.267178 0.822915 0.386802 0.822915 23
"675" 674 0.857543 0.984392 0.921272 -0.910791 0.921272 8
"676" 675 0.766265 0.884771 -0.569094 -0.171335 -0.569094 32
"677" 676 0.243086 0.700087 1.06789 0.436051 1.06789 27
"678" 677 0.333611 0.534425 0.350169 0.32921 0.350169 35
"679" 678 0.818472 0.659812 0.0246507 -0.272039 0.0246507 33
"680" 679 0.0315919 0.57597 -0.368084 -1.22445 -0.368084 29
"681" 680 0.16283 0.0280192 0.369604 -0.836432 0.369604 13
"682" 681 0.00198797 0.279697 -0.441412 -1.31222 -0.441412 7
"683" 682 0.633071 0.0416968 -0.0224325 0.76398 -0.0224325 2
"684" 683 0.336485 0.534168 0.476136 0.333669 0.476136 35
"685" 684 0.939988 0.215469 0.448628 -0.712028 0.448628 26
"686" 685 0.0196115 0.066368 -1.1052 -1.21319 -1.1052 5
"687" 686 0.345822 0.542304 -1.00076 0.372413 -1.00076 35
"688" 687 0.00317702 0.0730047 0.873824 -1.27162 0.873824 5
"689" 688 0.0555873 0.563723 -1.14515 -1.11169 -1.14515 29
"690" 689 0.341696 0.531399 1.086 0.335553 1.086 35
"691" 690 0.634626 0.331567 -0.460269 0.57319 -0.460269 9
"692" 691 0.918626 0.79157 0.530027 -0.616479 0.530027 14
"693" 692 0.168536 0.0390653 -0.201746 -0.778095 -0.201746 13
"694" 693 0.225482 0.0146001 0.132393 -0.731076 0.132393 13
"695" 694 0.194148 0.312324 1.03992 0.096182 1.03992 3
"696" 695 0.770157 0.382103 -0.0829603 -0.223723 -0.0829603 10
"697" 696 0.146579 0.0393084 -0.686941 -0.843616 -0.686941 13
"698" 697 0.257194 0.419085 0.436374 0.307313 0.436374 28
"699" 698 0.66188 0.520108 -0.148991 -0.326851 -0.148991 21
"700" 699 0.969973 0.546128 -0.549257 -1.014 -0.549257 22
"701" 700 0.332982 0.521738 1.0984 0.295245 1.0984 35
"702" 701 0.360144 0.870739 0.741291 0.642365 0.741291 39
"703" 702 0.214064 0.00816322 0.666789 -0.79064 0.666789 13
"704" 703 0.00947262 0.869375 -0.781583 -0.434779 -0.781583 11
"705" 704 0.0261724 0.0642087 -0.845785 -1.19089 -0.845785 5
"706" 705 0.459621 0.546817 0.914386 0.60183 0.914386 38
"707" 706 0.00395808 0.279142 0.307984 -1.29588 0.307984 7
"708" 707 0.161779 0.0286943 -0.332812 -0.836854 -0.332812 13
"709" 708 0.627775 0.0492278 0.73394 0.798093 0.73394 2
"710" 709 0.382951 0.724711 0.772492 1.00394 0.772492 18
"711" 710 0.267033 0.698595 0.0561766 0.528197 0.0561766 27
"712" 711 0.986294 0.554461 -0.407756 -1.03641 -0.407756 22
"713" 712 0.840581 0.653208 -0.51595 -0.391498 -0.51595 33
"714" 713 0.0281504 0.980828 -0.36128 -0.29232 -0.36128 4
"715" 714 0.16412 0.0375242 -0.348094 -0.797215 -0.348094 13
"716" 715 0.175003 0.891813 -0.296463 -0.0440993 -0.296463 37
"717" 716 0.171034 0.288949 -0.494442 -0.0312385 -0.494442 3
"718" 717 0.508797 0.0240198 0.666043 1.39391 0.666043 15
"719" 718 0.0375664 0.59152 -0.708888 -1.11775 -0.708888 29
"720" 719 0.300479 0.0236222 -0.248382 -0.203468 -0.248382 30
"721" 720 0.621435 0.334956 -0.104521 0.601348 -0.104521 9
"722" 721 0.585932 0.65201 0.794279 0.728865 0.794279 20
"723" 722 0.239436 0.69415 1.1269 0.405441 1.1269 27
"724" 723 0.0188011 0.983708 0.261669 -0.295192 0.261669 4
"725" 724 0.92918 0.16859 0.367213 -0.803228 0.367213 26
"726" 725 0.783143 0.249736 -0.0837067 0.49265 -0.0837067 23
"727" 726 0.177136 0.88228 -0.26777 -0.0221764 -0.26777 37
"728" 727 0.855551 0.00247446 0.50838 -0.791044 0.50838 25
"729" 728 0.946879 0.201347 -1.5828 -0.812632 -1.5828 26
"730" 729 0.497774 0.983064 0.394158 0.914821 0.394158 1
"731" 730 0.278671 0.162281 0.388462 0.300853 0.388462 31
"732" 731 0.0337812 0.972925 0.24168 -0.294707 0.24168 4
"733" 732 0.159689 0.0348604 -0.85986 -0.820176 -0.85986 13
"734" 733 0.629339 0.337184 0.241922 0.563053 0.241922 9
"735" 734 0.147859 0.0411878 -1.32242 -0.833372 -1.32242 13
"736" 735 0.377683 0.0174124 -0.221736 0.417353 -0.221736 30
"737" 736 0.751108 0.724731 0.162377 0.39915 0.162377 6
"738" 737 0.135078 0.0435449 -0.734299 -0.865272 -0.734299 13
"739" 738 0.0258666 0.0667793 -1.0466 -1.19023 -1.0466 5
"740" 739 0.0129984 0.853519 -0.50782 -0.443243 -0.50782 11
"741" 740 0.0422649 0.579056 0.548726 -1.13925 0.548726 29
"742" 741 0.86218 0.0241554 0.052069 -0.775999 0.052069 25
"743" 742 0.331536 0.534627 0.467383 0.326024 0.467383 35
"744" 743 0.279774 0.164937 -0.182889 0.319117 -0.182889 31
"745" 744 0.297802 0.0186047 -0.121422 -0.247858 -0.121422 30
"746" 745 0.712177 0.851737 -0.189161 0.244595 -0.189161 32
"747" 746 0.469871 0.535742 -0.362105 0.577726 -0.362105 38
"748" 747 0.93992 0.216833 0.449653 -0.706591 0.449653 26
"749" 748 0.488647 0.992325 -0.049609 0.850479 -0.049609 1
"750" 749 0.597738 0.0822035 0.587765 0.965893 0.587765 2
"751" 750 0.491337 0.0153274 -0.89943 1.37223 -0.89943 15
"752" 751 0.872029 0.973012 -0.421332 -0.919119 -0.421332 8
"753" 752 0.903938 0.991468 -0.712795 -1.07121 -0.712795 8
"754" 753 0.211303 0.321744 -0.760655 0.207754 -0.760655 3
"755" 754 0.198587 0.317694 0.282676 0.118725 0.282676 3
"756" 755 0.0129852 0.263081 -1.14496 -1.19226 -1.14496 7
"757" 756 0.781966 0.246179 -0.143561 0.49089 -0.143561 23
"758" 757 0.486677 0.991831 -0.443471 0.843201 -0.443471 1
"759" 758 0.0270208 0.978284 -0.201657 -0.295212 -0.201657 4
"760" 759 0.270102 0.692558 -0.180842 0.526788 -0.180842 27
"761" 760 0.196399 0.322394 0.064323 0.0917597 0.064323 3
"762" 761 0.950388 0.214957 0.45499 -0.787479 0.45499 26
"763" 762 0.054219 0.568626 -0.800441 -1.10121 -0.800441 29
"764" 763 0.00868912 0.26719 -0.610531 -1.23407 -0.610531 7
"765" 764 0.00743438 0.858282 0.115596 -0.453512 0.115596 11
"766" 765 0.929501 0.981494 0.901193 -1.12322 0.901193 8
"767" 766 0.75578 0.135872 0.832321 0.381457 0.832321 24
"768" 767 0.970553 0.551144 -1.01829 -1.01069 -1.01829 22
"769" 768 0.857495 0.00184441 -1.0466 -0.809057 -1.0466 25
"770" 769 0.0145048 0.26071 -0.709713 -1.17552 -0.709713 7
"771" 770 0.0181975 0.742249 -0.0684249 -0.568593 -0.0684249 12
"772" 771 0.0653846 0.563363 -0.608766 -1.04541 -0.608766 29
"773" 772 0.659016 0.530136 -0.349226 -0.25761 -0.349226 21
"774" 773 0.461596 0.549224 -0.807435 0.614891 -0.807435 38
"775" 774 0.00315254 0.745018 -0.386941 -0.628097 -0.386941 12
"776" 775 0.804797 0.269363 -0.608766 0.243072 -0.608766 23
"777" 776 0.163921 0.862965 0.719146 -0.0231397 0.719146 37
"778" 777 0.818524 0.519419 -0.509053 -0.885382 -0.509053 19
"779" 778 0.754194 0.124515 0.475944 0.363575 0.475944 24
"780" 779 0.0229643 0.962884 -0.462226 -0.312297 -0.462226 4
"781" 780 0.505774 0.0215076 -1.12577 1.41111 -1.12577 15
"782" 781 0.0402167 0.572166 -1.16462 -1.18218 -1.16462 29
"783" 782 0.494676 0.990749 0.900059 0.880967 0.900059 1
"784" 783 0.858182 0.00380786 -0.37004 -0.80845 -0.37004 25
"785" 784 0.169046 0.46254 -1.08741 -0.420259 -1.08741 36
"786" 785 0.166723 0.0444658 -0.434932 -0.763013 -0.434932 13
"787" 786 0.00152207 0.268011 -0.262923 -1.29098 -0.262923 7
"788" 787 0.485769 0.54662 -0.0838093 0.650922 -0.0838093 38
"789" 788 0.753239 0.882228 -0.024492 -0.101183 -0.024492 32
"790" 789 0.154884 0.466969 -0.129741 -0.538333 -0.129741 36
"791" 790 0.748478 0.717126 1.13821 0.366587 1.13821 6
"792" 791 0.438269 0.730418 -0.0024431 1.22756 -0.0024431 18
"793" 792 0.860887 0.00802683 -0.339775 -0.817186 -0.339775 25
"794" 793 0.018642 0.751179 -0.276089 -0.530504 -0.276089 12
"795" 794 0.280452 0.166876 0.952191 0.331772 0.952191 31
"796" 795 0.673729 0.305926 0.321613 0.583988 0.321613 9
"797" 796 0.750984 0.722405 -0.0572987 0.386065 -0.0572987 6
"798" 797 0.568476 0.673211 1.20645 0.909183 1.20645 20
"799" 798 0.460741 0.544336 0.528014 0.594408 0.528014 38
"800" 799 0.493107 0.010957 -0.587759 1.38921 -0.587759 15
"801" 800 0.579174 0.652262 0.842519 0.761225 0.842519 20
"802" 801 0.759904 0.721194 0.880235 0.328296 0.880235 6
"803" 802 0.0168415 0.980857 -0.368084 -0.299277 -0.368084 4
"804" 803 0.727858 0.111636 0.529338 0.452366 0.529338 24
"805" 804 0.44334 0.00953848 1.32279 0.962266 1.32279 15
"806" 805 0.58445 0.642876 -0.681269 0.69168 -0.681269 20
"807" 806 0.968109 0.553507 -0.626799 -1.00431 -0.626799 22
"808" 807 0.364253 0.219667 -0.668084 0.866654 -0.668084 17
"809" 808 0.712105 0.841347 1.23173 0.291952 1.23173 32
"810" 809 0.35291 0.880846 0.223064 0.582968 0.223064 39
"811" 810 0.250316 0.433953 0.0954148 0.262699 0.0954148 28
"812" 811 0.144767 0.0498723 -0.679448 -0.81403 -0.679448 13
"813" 812 0.627178 0.0401008 0.342428 0.791804 0.342428 2
"814" 813 0.764927 0.38236 -0.833289 -0.206815 -0.833289 10
"815" 814 0.611728 0.336746 1.30162 0.626183 1.30162 9
"816" 815 0.960134 0.412992 -0.880266 -0.935864 -0.880266 34
"817" 816 0.623829 0.337617 0.507441 0.58002 0.507441 9
"818" 817 0.658851 0.516371 -0.196157 -0.330068 -0.196157 21
"819" 818 0.0226929 0.988295 0.202249 -0.288676 0.202249 4
"820" 819 0.767827 0.375817 -0.521736 -0.176724 -0.521736 10
"821" 820 0.383569 0.874847 -0.223251 0.727612 -0.223251 39
"822" 821 0.0297239 0.960845 0.134454 -0.307623 0.134454 4
"823" 822 0.0300745 0.971498 -0.926607 -0.298672 -0.926607 4
"824" 823 0.996335 0.541812 0.250433 -1.05778 0.250433 22
"825" 824 0.225756 0.972108 -0.348094 -0.146916 -0.348094 37
"826" 825 0.653148 0.552759 0.087096 -0.10599 0.087096 21
"827" 826 0.0227472 0.974902 -0.540594 -0.301221 -0.540594 4
"828" 827 0.969894 0.541627 -0.814342 -1.01776 -0.814342 22
"829" 828 0.0616089 0.571468 -1.02702 -1.03926 -1.02702 29
"830" 829 0.472081 0.56169 -0.223251 0.684571 -0.223251 38
"831" 830 0.00283855 0.74987 -1.11665 -0.606942 -1.11665 12
"832" 831 0.0220091 0.0564198 -0.705799 -1.21043 -0.705799 5
"833" 832 0.186331 0.315388 -0.920245 0.0294629 -0.920245 3
"834" 833 0.316377 0.201228 0.155186 0.635032 0.155186 31
"835" 834 0.86432 0.0104302 -1.24405 -0.837601 -1.24405 25
"836" 835 0.711229 0.844215 1.09742 0.283152 1.09742 32
"837" 836 0.857028 0.0418271 0.447779 -0.677945 0.447779 25
"838" 837 0.250009 0.656609 0.795739 0.395925 0.795739 27
"839" 838 0.305453 0.0175492 0.223256 -0.188358 0.223256 30
"840" 839 0.950647 0.209693 -1.15142 -0.808755 -1.15142 26
"841" 840 0.47161 0.00825786 0.804722 1.20506 0.804722 15
"842" 841 0.617676 0.321466 0.606045 0.679565 0.606045 9
"843" 842 0.0127514 0.261226 -1.29326 -1.19012 -1.29326 7
"844" 843 0.467695 0.00812843 0.635673 1.17128 0.635673 15
"845" 844 0.819009 0.655576 -0.26777 -0.292776 -0.26777 33
"846" 845 0.0075271 0.973815 -0.527945 -0.313543 -0.527945 4
"847" 846 0.364497 0.873389 1.02729 0.652722 1.02729 39
"848" 847 0.984022 0.420362 -0.141604 -1.00676 -0.141604 34
"849" 848 0.70608 0.841947 1.00151 0.317875 1.00151 32
"850" 849 0.758815 0.129314 -0.387766 0.341305 -0.387766 24
"851" 850 0.486081 0.99758 0.773702 0.825259 0.773702 1
"852" 851 0.0339011 0.965387 -0.781583 -0.300196 -0.781583 4
"853" 852 0.00670145 0.740652 -0.668084 -0.631318 -0.668084 12
"854" 853 0.973101 0.203147 -0.878718 -0.993252 -0.878718 26
"855" 854 0.0256856 0.983003 -0.587759 -0.291915 -0.587759 4
"856" 855 0.772495 0.717516 -0.170737 0.236896 -0.170737 6
"857" 856 0.590519 0.65938 0.833869 0.743548 0.833869 20
"858" 857 0.712131 0.851401 1.26645 0.24634 1.26645 32
"859" 858 0.014221 0.274344 -1.33294 -1.2067 -1.33294 7
"860" 859 0.231777 0.973032 0.340037 -0.14483 0.340037 37
"861" 860 0.0117707 0.864286 -0.845543 -0.434574 -0.845543 11
"862" 861 0.148896 0.599297 0.701787 -0.361819 0.701787 16
"863" 862 0.138183 0.61426 -0.853381 -0.385276 -0.853381 16
"864" 863 0.00464012 0.270563 -0.973275 -1.2724 -0.973275 7
"865" 864 0.564707 0.659465 0.77351 0.861621 0.77351 20
"866" 865 0.850481 0.00102881 -0.154966 -0.75385 -0.154966 25
"867" 866 0.0565837 0.565582 -0.560583 -1.0973 -0.560583 29
"868" 867 0.630962 0.318117 0.0166069 0.65312 0.0166069 9
"869" 868 0.162982 0.0390743 -1.04773 -0.794841 -1.04773 13
"870" 869 0.260617 0.654297 0.755977 0.423358 0.755977 27
"871" 870 0.8187 0.645793 -0.366952 -0.334177 -0.366952 33
"872" 871 0.357155 0.876504 0.841773 0.61324 0.841773 39
"873" 872 0.262386 0.699425 0.381997 0.513917 0.381997 27
"874" 873 0.964511 0.398725 -0.461593 -0.931071 -0.461593 34
"875" 874 0.380695 0.725366 1.03922 0.997673 1.03922 18
"876" 875 0.256772 0.439536 0.545455 0.261635 0.545455 28
"877" 876 0.48381 0.542113 0.300406 0.628796 0.300406 38
"878" 877 0.261856 0.442061 1.01959 0.264726 1.01959 28
"879" 878 0.971931 0.558049 -1.02898 -1.00745 -1.02898 22
"880" 879 0.571233 0.657514 -0.403142 0.822648 -0.403142 20
"881" 880 0.392161 0.183683 0.221299 0.884132 0.221299 17
"882" 881 0.854743 0.0322377 0.941509 -0.690022 0.941509 25
"883" 882 0.0143209 0.860735 -0.540594 -0.431578 -0.540594 11
"884" 883 0.0183164 0.96531 -0.879441 -0.314184 -0.879441 4
"885" 884 0.725722 0.100903 1.06093 0.436566 1.06093 24
"886" 885 0.157338 0.467806 -1.22519 -0.521324 -1.22519 36
"887" 886 0.980128 0.545571 -0.131698 -1.0308 -0.131698 22
"888" 887 0.673037 0.306959 0.0750343 0.580328 0.0750343 9
"889" 888 0.00770574 0.282433 -0.308332 -1.27404 -0.308332 7
"890" 889 0.822303 0.662096 -0.628322 -0.278555 -0.628322 33
"891" 890 0.016885 0.266023 -1.02711 -1.1685 -1.02711 7
"892" 891 0.857669 0.00318667 -0.262233 -0.806212 -0.262233 25
"893" 892 0.819336 0.652479 -0.315128 -0.3076 -0.315128 33
"894" 893 0.155962 0.28397 0.695425 -0.136491 0.695425 3
"895" 894 0.891639 0.985887 -0.966279 -1.01895 -0.966279 8
"896" 895 0.624684 0.328118 0.693773 0.623923 0.693773 9
"897" 896 0.0345303 0.574451 -0.758947 -1.2111 -0.758947 29
"898" 897 0.0105932 0.259547 -1.09779 -1.20316 -1.09779 7
"899" 898 0.358735 0.873249 0.123833 0.629248 0.123833 39
"900" 899 0.462412 0.539249 -0.390413 0.577875 -0.390413 38
"901" 900 0.756623 0.713221 0.350746 0.30066 0.350746 6
"902" 901 0.499697 0.977835 0.960035 0.937005 0.960035 1
"903" 902 0.81702 0.644843 0.695425 -0.331763 0.695425 33
"904" 903 0.779481 0.708089 0.211508 0.148177 0.211508 6
"905" 904 0.0190191 0.964161 -0.806113 -0.31471 -0.806113 4
"906" 905 0.0181674 0.258723 -1.15432 -1.14309 -1.15432 7
"907" 906 0.367319 0.700686 -0.222561 0.876256 -0.222561 18
"908" 907 0.497441 0.0208774 -1.2638 1.4206 -1.2638 15
"909" 908 0.162138 0.869823 0.488775 -0.0385411 0.488775 37
"910" 909 0.370248 0.873036 0.300406 0.677577 0.300406 39
"911" 910 0.590486 0.652759 0.981325 0.711512 0.981325 20
"912" 911 0.862788 0.00399708 -1.07315 -0.845734 -1.07315 25
"913" 912 0.0216855 0.970182 -0.54819 -0.306508 -0.54819 4
"914" 913 0.481911 0.00962423 -0.727745 1.29365 -0.727745 15
"915" 914 0.147924 0.610485 -0.907941 -0.334941 -0.907941 16
"916" 915 0.0280434 0.962374 0.501374 -0.307968 0.501374 4
"917" 916 0.98418 0.563439 -0.314499 -1.02779 -0.314499 22
"918" 917 0.248172 0.702307 1.08786 0.467026 1.08786 27
"919" 918 0.00908582 0.851983 -0.606809 -0.456335 -0.606809 11
"920" 919 0.916312 0.842064 -0.296274 -0.730603 -0.296274 14
"921" 920 0.154356 0.481363 -0.102564 -0.573331 -0.102564 36
"922" 921 0.916227 0.833093 -0.878309 -0.707523 -0.878309 14
"923" 922 0.833406 0.653137 0.297023 -0.362378 0.297023 33
"924" 923 0.372131 0.72182 0.939462 0.955655 0.939462 18
"925" 924 0.246153 0.696206 1.20703 0.445296 1.20703 27
"926" 925 0.0127587 0.859819 -0.368084 -0.436902 -0.368084 11
"927" 926 0.0154835 0.755893 -0.243376 -0.540321 -0.243376 12
"928" 927 0.772502 0.885477 0.11383 -0.202267 0.11383 32
"929" 928 0.210729 0.310098 -0.110883 0.228496 -0.110883 3
"930" 929 0.395433 0.00942716 0.368779 0.550418 0.368779 15
"931" 930 0.367963 0.209508 0.211508 0.851629 0.211508 17
"932" 931 0.00627549 0.0764588 -0.32224 -1.25907 -0.32224 5
"933" 932 0.589409 0.647203 0.628327 0.689509 0.628327 20
"934" 933 0.00612361 0.278245 -0.63307 -1.27731 -0.63307 7
"935" 934 0.951382 0.205399 -1.35818 -0.829852 -1.35818 26
"936" 935 0.0204902 0.0483027 0.370158 -1.22018 0.370158 5
"937" 936 0.240986 0.417456 -0.241419 0.228736 -0.241419 28
"938" 937 0.173319 0.0430214 0.036211 -0.748005 0.036211 13
"939" 938 0.396649 0.00611727 0.301431 0.554375 0.301431 15
"940" 939 0.0261243 0.063193 -0.0967331 -1.19176 -0.0967331 5
"941" 940 0.136135 0.442335 -0.548823 -0.62912 -0.548823 36
"942" 941 0.859262 0.0173142 0.251565 -0.774179 0.251565 25
"943" 942 0.963874 0.530835 -0.680579 -1.01946 -0.680579 22
"944" 943 0.256317 0.651134 1.11935 0.40479 1.11935 27
"945" 944 0.730616 0.107308 0.509156 0.430921 0.509156 24
"946" 945 0.961633 0.228727 0.308884 -0.815372 0.308884 26
"947" 946 0.449996 0.0157657 0.369412 1.02332 0.369412 15
"948" 947 0.474155 0.268203 0.341104 1.17281 0.341104 17
"949" 948 0.456875 0.541597 0.904935 0.576677 0.904935 38
"950" 949 0.0205487 0.737102 -0.706931 -0.58024 -0.706931 12
"951" 950 0.172264 0.873808 0.967822 -0.0191506 0.967822 37
"952" 951 0.0204758 0.72908 -0.129741 -0.616393 -0.129741 12
"953" 952 0.00213288 0.275544 -0.568902 -1.30229 -0.568902 7
"954" 953 0.992052 0.547859 0.942086 -1.04915 0.942086 22
"955" 954 0.833111 0.65737 -0.230157 -0.344111 -0.230157 33
"956" 955 0.388919 0.182547 0.115514 0.868037 0.115514 17
"957" 956 0.742238 0.378584 0.306393 -0.0978924 0.306393 10
"958" 957 0.00573815 0.866716 -0.686941 -0.447789 -0.686941 11
"959" 958 0.360174 0.876027 0.920797 0.627153 0.920797 39
"960" 959 0.952896 0.19621 -0.927432 -0.874693 -0.927432 26
"961" 960 0.00283019 0.277324 -0.348094 -1.3007 -0.348094 7
"962" 961 0.96002 0.199673 -0.833199 -0.912856 -0.833199 26
"963" 962 0.00106882 0.277855 -0.368909 -1.31538 -0.368909 7
"964" 963 0.846663 0.000940384 -0.143127 -0.722661 -0.143127 25
"965" 964 0.255932 0.440291 0.384569 0.258544 0.384569 28
"966" 965 0.749243 0.727691 0.833454 0.426241 0.833454 6
"967" 966 0.0336741 0.0625623 -0.752226 -1.16545 -0.752226 5
"968" 967 0.751176 0.1177 0.535556 0.368654 0.535556 24
"969" 968 0.79182 0.260844 -0.441412 0.373385 -0.441412 23
"970" 969 0.579228 0.668039 0.754845 0.836439 0.754845 20
"971" 970 0.318551 0.194638 -0.248912 0.617332 -0.248912 31
"972" 971 0.0214709 0.0578742 -0.308524 -1.21142 -0.308524 5
"973" 972 0.155558 0.040425 -0.368084 -0.812466 -0.368084 13
"974" 973 0.371322 0.733438 1.07978 0.987189 1.07978 18
"975" 974 0.567598 0.652656 0.348315 0.816416 0.348315 20
"976" 975 0.915618 0.841679 -0.546866 -0.726124 -0.546866 14
"977" 976 0.25728 0.666588 -0.302828 0.436055 -0.302828 27
"978" 977 0.209102 0.313741 0.568907 0.208116 0.568907 3
"979" 978 0.211125 0.969594 -0.579441 -0.152163 -0.579441 37
"980" 979 0.334206 0.533254 -0.0827155 0.327227 -0.0827155 35
"981" 980 0.71094 0.841307 0.486819 0.297659 0.486819 32
"982" 981 0.761395 0.131164 0.980499 0.326772 0.980499 24
"983" 982 0.014531 0.733074 -0.248912 -0.627829 -0.248912 12
"984" 983 0.0230314 0.965953 0.507633 -0.309369 0.507633 4
"985" 984 0.258047 0.677649 -0.102564 0.458861 -0.102564 27
"986" 985 0.171971 0.45991 -0.926607 -0.392182 -0.926607 36
"987" 986 0.653823 0.529643 -1.43101 -0.231949 -1.43101 21
"988" 987 0.770347 0.714202 -0.369598 0.230728 -0.369598 6
"989" 988 0.175239 0.0477557 1.1005 -0.723118 1.1005 13
"990" 989 0.714785 0.850026 0.223256 0.239754 0.223256 32
"991" 990 0.0437563 0.569763 -0.568902 -1.16814 -0.568902 29
"992" 991 0.14715 0.607676 0.466637 -0.348225 0.466637 16
"993" 992 0.744128 0.374779 -0.746361 -0.0806247 -0.746361 10
"994" 993 0.204216 0.316264 -0.55499 0.165093 -0.55499 3
"995" 994 0.0231128 0.9882 -0.496591 -0.288562 -0.496591 4
"996" 995 0.459975 0.537338 0.488775 0.566059 0.488775 38
"997" 996 0.483355 0.988338 0.399891 0.838046 0.399891 1
"998" 997 0.962493 0.19821 -0.774605 -0.936063 -0.774605 26
"999" 998 0.833273 0.666763 -0.701435 -0.306977 -0.701435 33
"1000" 999 0.6961 0.54809 -0.467176 -0.359256 -0.467176 21
